0.0248931 -5.64208 2.19637 0 3.89846 2.48422 0.462274 
0.0258191 -0.694295 2.81326 0 3.86885 2.43723 0.492671 
0.0340859 -3.42075 1.49808 0 3.67577 2.13085 0.690853 
0.0356791 -1.55972 -2.11588 0 3.64885 2.08812 0.718492 
0.0242494 -0.303221 -5.12718 0 3.92038 2.519 0.439777 
0.0186311 -14.3617 -2.33186 0 4.17598 2.9246 0.177413 
0.0192383 -13.4802 -5.56135 0 4.14116 2.86934 0.213156 
0.0207118 -12.5741 -7.63775 0 4.06515 2.74873 0.291174 
0.0213579 0.158571 -6.36314 0 4.03513 2.70109 0.321988 
0 0 0 1 4.34882 3.19887 0 
